#emission at  r = 8200.0,pc z = 51.5 pc
#lambda (microns), SED value (erg / pc^3 / A)
0.09120000153779982 7.10243726901944e+38
0.09205320097238963 7.217256346697815e+38
0.0929143823067921 7.333938139725536e+38
0.09378362021372963 7.452512867022168e+38
0.09466099006450727 7.573011237750239e+38
0.09554656793554799 7.695464459268483e+38
0.09644043061498904 7.819904245214093e+38
0.09734265560934063 7.946362823716107e+38
0.09825332115020624 8.07487294574203e+38
0.09917250620106595 8.205467893579869e+38
0.10010029046412362 8.338181489457764e+38
0.10103675438721761 8.473048104303477e+38
0.10198197917079656 8.610102666645957e+38
0.10293604677496006 8.749380671661338e+38
0.1038990399265655 8.890918190365684e+38
0.10487104212640133 9.034751878956862e+38
0.10585213765642724 9.180918988307981e+38
0.10684241158708234 9.329457373614829e+38
0.10784194978466154 9.48040550419984e+38
0.10885083891876099 9.633802473475083e+38
0.10986916646979311 9.789688009066917e+38
0.11089702073657216 9.948102483104863e+38
0.1119344908439704 1.0109086922677419e+39
0.11298166675064615 1.0272683020457488e+39
0.11403863925684414 1.0438933145500183e+39
0.11510550001226864 1.0607880354215814e+39
0.11618234152403048 1.0779568401520875e+39
0.11726925716466828 1.0954041752169955e+39
0.1183663411802447 1.1131345592271459e+39
0.1194736886985185 1.1311525840990182e+39
0.12059139573719316 1.1494629162439707e+39
0.12171955921224228 1.1680702977767746e+39
0.12285827694631343 1.1869795477437547e+39
0.12400764767721008 1.2061955633708524e+39
0.1251677710664532 1.2257233213319387e+39
0.12633874770792292 1.245567879037701e+39
0.12752067913658097 1.2657343759454404e+39
0.12871366783727464 1.2862280348901177e+39
0.1299178172536234 1.3070541634369934e+39
0.13113323179698821 1.3282181552562114e+39
0.13236001685552523 1.3497254915196821e+39
0.13359827880332387 1.3715817423206286e+39
0.13484812500963042 1.39379256811616e+39
0.13610966384815806 1.382255913292143e+39
0.1373830047064839 1.3662278990149677e+39
0.13866825799553395 1.3503860738632064e+39
0.13996553515915666 1.3347282749743752e+39
0.14127494868378648 1.319252364610907e+39
0.14259661210819724 1.3039562298681571e+39
0.14393064003334713 1.2888377823859986e+39
0.14527714813231582 1.2738949580637638e+39
0.1466362531603343 1.2591257167783082e+39
0.14800807296490864 1.2445280421055401e+39
0.14939272649603882 1.2300999410451814e+39
0.1507903338165324 1.2182684457845443e+39
0.15220101611241538 1.2084113317552477e+39
0.15362489570344026 1.1986341358796297e+39
0.15506209605369214 1.1889362102082539e+39
0.15651274178229432 1.1793169120450977e+39
0.15797695867421413 1.1697756039048427e+39
0.15945487369116942 1.1603116534706862e+39
0.1609466149826376 1.1509244335524946e+39
0.16245231189696735 1.1416133220451223e+39
0.16397209499259435 1.1323777018872621e+39
0.16550609604936192 1.1217797528821284e+39
0.1670544480799478 1.1083816651283917e+39
0.16861728534139733 1.0951439548808957e+39
0.17019474334676502 1.082064702392194e+39
0.17178695887686496 1.0691420108945614e+39
0.17339406999213067 1.0563740063249741e+39
0.17501621604458656 1.043758837053225e+39
0.17665353768993108 1.0312946736134528e+39
0.1783061768997328 1.0189797084388798e+39
0.1799742769737407 1.0068121555995754e+39
0.18165798255230986 9.947902505435106e+38
0.1833574396289429 9.82912249840708e+38
0.18507279556294923 9.7117643093031e+38
0.18680419909222246 9.595810918708216e+38
0.18855180034613725 9.481245510933383e+38
0.19031575085856722 9.368051471575897e+38
0.19209620358102436 9.256212385110422e+38
0.19389331289592115 9.145712032508854e+38
0.19570723462995732 9.036534388887158e+38
0.19753812606763138 8.928663621182615e+38
0.1993861459648787 8.822084085856656e+38
0.2012514545628371 8.696554643915472e+38
0.20313421360174158 8.563008384322213e+38
0.20503458633494842 8.431518782037268e+38
0.206952737543091 8.30205416384645e+38
0.2088888335483679 8.174583344313722e+38
0.21084304222896458 8.04907561826912e+38
0.2128155330336099 7.92550075341302e+38
0.21480647699626929 7.803828983032975e+38
0.21681604675097474 7.68403099883406e+38
0.21884441654679385 7.566077943878949e+38
0.22089176226293925 7.484831157871728e+38
0.2229582614240185 7.449635942936562e+38
0.2250440932154276 7.414606775732601e+38
0.22714943849888797 7.379742872862182e+38
0.2292744798281288 7.345043454623644e+38
0.2314194014647162 7.31050774499388e+38
0.23358438939403087 7.276134971611112e+38
0.23576963134139417 7.241924365757132e+38
0.2379753167883462 7.207875162340831e+38
0.24020163698907557 7.173986599880608e+38
0.24244878498700287 7.140257920487463e+38
0.24471695563151938 7.106688369848044e+38
0.2470063455948827 7.073277197207776e+38
0.2493171533892697 7.040023655354196e+38
0.2516495793839897 7.035231416248425e+38
0.25400382582285846 7.04223950714508e+38
0.2563800968417344 7.049254603901677e+38
0.2587785984862194 7.056276713521962e+38
0.26119953872952506 7.063305843016679e+38
0.2636431274905054 7.070341999403238e+38
0.2661095766518594 7.077385189706526e+38
0.26859910007850324 7.08443542095799e+38
0.27111191363611414 7.091492700196565e+38
0.2736482352098481 7.098557034467767e+38
0.27620828472323306 7.105628430824495e+38
0.2787922841572376 7.112706896326706e+38
0.28140045756951954 7.1699298253047e+38
0.2840330311138536 7.271693090762344e+38
0.286690233059741 7.374905723885335e+38
0.2893722938122028 7.479588367354578e+38
0.2920794459317585 7.585761957855617e+38
0.29481192415459057 7.693447730265262e+38
0.2975699654128989 7.802667221899096e+38
0.300353808855445 7.913442276818834e+38
0.3031636958682885 8.025795050201048e+38
0.3059998700957174 8.139748012768752e+38
0.3088625774613748 8.255323955284804e+38
0.3117520661895826 8.372545993110606e+38
0.31466858682686477 8.491437570829087e+38
0.31761239226367266 8.612022466933649e+38
0.32058373775631255 8.734324798583768e+38
0.3235828809490789 8.858369026429015e+38
0.3266100818965951 8.98417995950039e+38
0.3296656030863619 9.111782760172718e+38
0.3327497094615182 9.241202949197025e+38
0.3358626684438142 9.372466410804729e+38
0.3390047499567989 9.505599397884363e+38
0.34217622644922546 9.640628537232816e+38
0.3453773729186755 9.777580834879809e+38
0.34860846693540315 9.916483681489748e+38
0.35186978866640367 1.0057364857839753e+39
0.35516162089970676 1.0200252540375684e+39
0.3584842490688965 1.0345175306848135e+39
0.3618379612778614 1.0492162142027043e+39
0.3652230483257761 1.0640845764997143e+39
0.3686398037323161 1.0785912775047501e+39
0.3720885237631085 1.0932962128984083e+39
0.37556950745542206 1.1082020915579917e+39
0.3790830566440955 1.1233116593776535e+39
0.3826294759877099 1.138627699774251e+39
0.3862090729950061 1.154153034200113e+39
0.3898221580515478 1.16989052266272e+39
0.39346904444663533 1.1858430642516738e+39
0.39715004840047113 1.202013597672681e+39
0.40086548909157865 1.2184051017889268e+39
0.4046156886844783 1.2350205961698466e+39
0.4084009723576226 1.2518631416472988e+39
0.4122216683315919 1.2689358408795366e+39
0.4160781078975541 1.2862418389226872e+39
0.4199706254459915 1.303784323810138e+39
0.4238995584956949 1.3215665271398449e+39
0.42786524772303 1.3395917246695563e+39
0.4318680369914778 1.3578632369203873e+39
0.4359082733814501 1.376384429788425e+39
0.4399863072203852 1.3951587151648008e+39
0.4441024921131246 1.4119942726163012e+39
0.44825718497257383 1.4229494606443046e+39
0.45245074605065017 1.4339897964958618e+39
0.4566835389695205 1.4451159419717406e+39
0.4609559307531301 1.4563285640164732e+39
0.46526829185902757 1.467628334758334e+39
0.46962099621048714 1.4790159315496302e+39
0.47401442122893117 1.490492037007305e+39
0.47844894786665626 1.5020573390538304e+39
0.4829249606398659 1.513712530958545e+39
0.4874428476620112 1.5254583113790605e+39
0.49200300067744396 1.5372953844032437e+39
0.49660581509538576 1.5492244595913948e+39
0.5012516900242123 1.5612462520187826e+39
0.5059410283060608 1.5733614823185085e+39
0.5106742365517605 1.5855708767247046e+39
0.5154517251760887 1.5978751671160664e+39
0.5202739084333587 1.6102750910597247e+39
0.5251412044533397 1.622771391855458e+39
0.5300540352775115 1.635364818580249e+39
0.5350128268956605 1.648056126133188e+39
0.5400180092828175 1.6608460752807226e+39
0.5450700164365396 1.6737354327022627e+39
0.5501692864145424 1.6867249710361377e+39
0.5553162613726846 1.6998154689259116e+39
0.5605113876033057 1.7130077110670285e+39
0.5657551155739252 1.719582963629196e+39
0.5710478999663017 1.7127917747544547e+39
0.5763901997158583 1.7060274453866553e+39
0.5817824780514772 1.6992898692950995e+39
0.5872252025356656 1.692578940669126e+39
0.5927188451050975 1.685894554116643e+39
0.5982638821115367 1.67923660466239e+39
0.6038607943631392 1.6726049877462072e+39
0.6095100671661451 1.6659995992215847e+39
0.6152121903669592 1.6594203353538083e+39
0.6209676583946249 1.6528670928185488e+39
0.6267769703036961 1.6463397687000222e+39
0.6326406298175109 1.6398382604895623e+39
0.638559145371868 1.6333624660839305e+39
0.6445330301591136 1.626912283783631e+39
0.6505628021726404 1.6204876122915013e+39
0.6566489842518021 1.6140883507109092e+39
0.6627921041272485 1.607714398544379e+39
0.6689926944666862 1.6013656556918028e+39
0.6752512929210638 1.5950420224490524e+39
0.681568442171193 1.5887433995063344e+39
0.6879446899748042 1.582469687946553e+39
0.6943805892140417 1.5762207892439382e+39
0.700876697943404 1.5699966052622915e+39
0.7074335794381336 1.563797038253651e+39
0.7140518022430566 1.5576219908565506e+39
0.7207319402218823 1.551471366094671e+39
0.7274745726069626 1.5453450673752378e+39
0.7342802840495165 1.5392429984874316e+39
0.7411496646703254 1.5331650636010522e+39
0.7480833101109022 1.5271111672648122e+39
0.7550818215851391 1.5210812144050394e+39
0.7621458059314384 1.515075110323983e+39
0.7692758756653321 1.5090927606985017e+39
0.7764726490325915 1.5031340715785064e+39
0.7837367500628364 1.4971989493854122e+39
0.7910688086236439 1.4912873009108404e+39
0.798469460475164 1.4853990333149582e+39
0.8059393473252456 1.4795340541252168e+39
0.8134791168850806 1.4617018960619883e+39
0.8210894229253642 1.4360088115987254e+39
0.8287709253329846 1.4107681185919683e+39
0.836524290168242 1.3859718515508388e+39
0.844350189722601 1.3616121852369858e+39
0.8522493025769856 1.3376814321950863e+39
0.8602223136606191 1.3141720403268278e+39
0.8682699143104129 1.2910765905076078e+39
0.8763928023309131 1.2683877942451965e+39
0.8845916820548068 1.2460984913796244e+39
0.8928672644039937 1.2242016478235708e+39
0.9012202669512305 1.2026903533425362e+39
0.9096514139823519 1.1815578193741022e+39
0.9181614365590718 1.1607973768855878e+39
0.9267510725823752 1.1404024742694273e+39
0.9354210668564988 1.1203666752756056e+39
0.9441721711535155 1.100683656980498e+39
0.9530051442785189 1.0813472077914556e+39
0.961920752135418 1.0623512254866148e+39
0.9709197677933507 1.0436897152890419e+39
0.9800029715537153 1.0253567879749661e+39
0.9891711510178287 1.0073466580152323e+39
0.9984251011552218 9.89653641749496e+38
1.0077656243725694 9.72272155592567e+38
1.0171935305832656 9.551967142723336e+38
1.0267096372776536 9.384219290987137e+38
1.036314769593909 9.219425062630843e+38
1.0460097603895848 9.057532451676554e+38
1.0557954503138325 8.898490367842584e+38
1.065672687880292 8.74224862042031e+38
1.0756423295406643 8.588757902434945e+38
1.0857052397589781 8.437969775085154e+38
1.095862291086545 8.289836652456694e+38
1.1061143642376163 8.144311786505181e+38
1.1164623481657532 8.001349252303274e+38
1.1269071401409054 7.860903933547641e+38
1.137449645827212 7.722931508321086e+38
1.148090779361535 7.587388435105383e+38
1.15883146343272 7.454231939040392e+38
1.1696726293616029 7.323419998424984e+38
1.1806152171817674 7.194911331456264e+38
1.1916601757210517 7.068665383201084e+38
1.2028084626838211 6.944642312798144e+38
1.2140610447340126 6.822802980884838e+38
1.2254188975789526 6.703108937245609e+38
1.2368830060539584 6.5855224086777784e+38
1.2484543642077364 6.470006287071023e+38
1.2601339753885739 6.356416496832428e+38
1.271922852331337 6.243840990112416e+38
1.2838220172452892 6.1332670990675384e+38
1.295832501902723 6.024659234559101e+38
1.307955347728425 5.917982440230721e+38
1.3201916058899785 5.813202381257227e+38
1.3325423373889111 5.7102853332937e+38
1.3450086131526893 5.6091981716210184e+38
1.3575915141275832 5.509908360484381e+38
1.3702921313723928 5.412383942621312e+38
1.3831115661530515 5.3165935289763066e+38
1.3960509300381203 5.2225062885974594e+38
1.4091113449951693 5.130091938713621e+38
1.4222939434880615 5.039320734987549e+38
1.4355998685751523 4.9501634619424326e+38
1.4490302740084013 4.862591423558655e+38
1.4625863243334123 4.77657643403773e+38
1.476269194990414 4.692090808730471e+38
1.4900800724161802 4.6091073552263734e+38
1.5040201541469038 4.527599364601814e+38
1.5180906489220376 4.447540602823103e+38
1.5322927767891035 4.36890530230314e+38
1.5466277692094783 4.291668153607829e+38
1.5610968691651783 4.215804297310018e+38
1.5757013312666366 4.141289315988287e+38
1.5904424218614859 4.0680992263679914e+38
1.6053214191443692 3.996210471602048e+38
1.6203396132677683 3.9255999136888955e+38
1.6354983064538702 3.856244826025595e+38
1.6507988131074878 3.7881228860926915e+38
1.6662424599300283 3.7212121682697845e+38
1.6818305860345284 3.655491136778515e+38
1.6975645430617745 3.590938638751097e+38
1.713445695297499 3.527533897422082e+38
1.7294754197906752 3.465256505441192e+38
1.7456551064729258 3.4040864183050325e+38
1.761986158279041 3.3440039479055518e+38
1.7784699912686237 3.284989756193472e+38
1.7951080347488797 3.2270248489538488e+38
1.8119017313985522 3.170090569692843e+38
1.8288525373930105 3.114168593632914e+38
1.845961922530522 3.0592409218148367e+38
1.863231370359694 3.0052898753045857e+38
1.8806623783081096 2.9522980895032193e+38
1.8982564578121737 2.9002485085579398e+38
1.916015134448167 2.849124379872474e+38
1.933939948064526 2.7989092487152976e+38
1.9520324529153665 2.74958695292326e+38
1.9702942177952516 2.7011416176998426e+38
1.9887268261752167 2.6535576505056765e+38
2.007331876340079 2.6068197360399516e+38
2.0261109815270206 2.560912831311057e+38
2.045065770065468 2.515822160794868e+38
2.0641978855182908 2.4715332116791203e+38
2.0835089868243126 2.4280317291922978e+38
2.103000748442151 2.3853037120157737e+38
2.1226748604954184 2.3433354077771297e+38
2.142533028919266 2.302113308623998e+38
2.162576975608305 2.261624146876406e+38
2.1828084385659148 2.2218548907564605e+38
2.203229172054943 2.1815815330832934e+38
2.2238409467498146 2.1356980792288983e+38
2.24464554989007 2.0907908010690322e+38
2.265644785435336 2.04683893035487e+38
2.2868404742217403 2.003822140684441e+38
2.308234454119804 1.9617205381022536e+38
2.3298285801937997 1.9205146518990757e+38
2.3516247248625985 1.8801854256071313e+38
2.373624778062034 1.8407142081871924e+38
2.395830647408775 1.8020827454030117e+38
2.4182442583657324 1.7642731713792626e+38
2.4408675544090173 1.727268000339232e+38
2.463702497196462 1.6910501185180075e+38
2.486751066737706 1.6556027762479991e+38
2.5100152615658917 1.6209095802126972e+38
2.533497098910953 1.586954485865239e+38
2.5571986148745225 1.553721790008395e+38
2.581121864606492 1.5211961235321657e+38
2.6052689224832077 1.4893624443061378e+38
2.629641882287334 1.458206030222932e+38
2.6542428573894163 1.4277124723896772e+38
2.6790739809311215 1.3978676684643116e+38
2.7041374060102026 1.3686578161337716e+38
2.729435305867198 1.3400694067307047e+38
2.7549698740738693 1.3120892189862138e+38
2.780743324723402 1.2847043129154e+38
2.8067578926223957 1.2579020238329933e+38
2.833015833484639 1.2316699564964021e+38
2.859519424126699 1.2059959793731697e+38
2.8862709626653498 1.1808682190305901e+38
2.913272768716839 1.1562750546445883e+38
2.940527183598016 1.1322051126254231e+38
2.968036570529352 1.1086472613578223e+38
2.995803314839856 1.0855906060528385e+38
3.023829824173897 1.0644369503886695e+38
3.052118528699978 1.0441162396932555e+38
3.080671881321455 1.024383807080988e+38
3.109492357889219 1.007914920123931e+38
3.1385824574163865 9.953575319301911e+37
3.167944702294984 9.851566117884131e+37
3.197581638514657 9.867461512381935e+37
3.2274958358834445 1.046863856982013e+38
3.257689888250599 1.1925284963586671e+38
3.2881664137314934 1.5148637841099591e+38
3.3189280549346476 1.2183444172957992e+38
3.3499774791908616 1.0253145239372429e+38
3.3813173787845012 9.132227847176597e+37
3.4129504711869383 8.59242219872768e+37
3.4448794992921936 8.238983328574942e+37
3.477107231654765 7.935877628629882e+37
3.5096364627296834 7.694578504807554e+37
3.5424700131148295 7.511166787356438e+37
3.575610729795502 7.333233803621309e+37
3.609061486391272 7.161181124856433e+37
3.6428251834051655 7.005630065638621e+37
3.676904748475159 6.8534953601221505e+37
3.71130313662803 6.704700743688791e+37
3.7460233305355923 6.562383016698299e+37
3.7810683407733245 6.424145832663142e+37
3.816441206081404 6.288828530977925e+37
3.8521449936282095 6.157102385813759e+37
3.888182799276267 6.029042178625015e+37
3.924557747850685 5.903682801559024e+37
3.9612729934101214 5.781143838246199e+37
3.9983317195202606 5.662187042046537e+37
4.035737139529856 5.545750316785128e+37
4.073492496849372 5.431780076278879e+37
4.1116010652322075 5.320974639066717e+37
4.15006614905856 5.212663325588425e+37
4.188891083621961 5.106663409368773e+37
4.228079235418465 5.003303999666217e+37
4.26763400243856 4.902471289190336e+37
4.307558814461811 4.803809789099151e+37
4.347857133354252 4.707477471046927e+37
4.3885324533685575 4.613843474974581e+37
4.429588301447038 4.522256069635278e+37
4.471028237527456 4.4326721695511185e+37
4.5128558548517 4.346144587882969e+37
4.555074780277364 4.261619020269435e+37
4.597688674592227 4.178998725901083e+37
4.640701232831672 4.09888810449766e+37
4.684116184599092 4.0209770101020623e+37
4.727937294389279 3.944887932210801e+37
4.772168361914833 3.8716904448750684e+37
4.8168132224356475 3.802397320898518e+37
4.8618757470914575 3.7349776200132328e+37
4.907359843237499 3.6612142741458164e+37
4.953269454783324 3.554428240701087e+37
4.999608562534772 3.4532058961344385e+37
5.046381184539137 3.3574455223277633e+37
5.093591376433585 3.297157223664104e+37
5.141243231796808 3.2607741498861645e+37
5.189340882503969 3.241231268281856e+37
5.237888499084996 3.191578070912394e+37
5.286890291086193 3.0901500578598034e+37
5.336350507435241 2.9922714008862425e+37
5.386273436809642 2.9021522301927943e+37
5.436663408008575 2.840331581994824e+37
5.48752479032824 2.7825922954875466e+37
5.538861993940732 2.7288600298333816e+37
5.59067947027644 2.745922561461169e+37
5.642981712410019 2.7935341578076723e+37
5.695773255449997 2.863729594717707e+37
5.749058676932012 2.854289645859472e+37
5.802842597215708 2.767231045992982e+37
5.857129679885396 2.6830059771524843e+37
5.911924632154409 2.685590809861499e+37
5.967232205273266 3.009239264861949e+37
6.023057194941661 3.4705887315729745e+37
6.07940444172429 4.11761176775868e+37
6.136278831470568 4.606630235879501e+37
6.193685295738293 5.183013843535045e+37
6.251628812221252 5.883254372616717e+37
6.31011440518083 5.277713441020351e+37
6.369147145881671 4.2018938294151925e+37
6.428732153031409 3.390632887106598e+37
6.4888745932244865 2.949461218527218e+37
6.5495796813901785 2.8835439957577105e+37
6.610852681244759 2.81945801905405e+37
6.672698905747911 2.7580636904918787e+37
6.73512371756343 2.7154277065674143e+37
6.798132529524207 2.674138700141002e+37
6.861730805101567 2.634148194393505e+37
6.925924058879022 2.673168796928295e+37
6.990717857030425 2.743947646020054e+37
7.056117817802609 2.821579402630952e+37
7.122129612002559 2.9782319047143216e+37
7.1887589634891125 3.252067783081786e+37
7.256011649669268 3.5680180858445004e+37
7.3238935019991604 3.9652797766117624e+37
7.392410406489695 4.651070718082043e+37
7.461568304216908 5.491636716603482e+37
7.531373191837141 6.520253447428779e+37
7.601831122106993 6.821815922083044e+37
7.672948204408145 6.979623366931603e+37
7.744730605277125 7.143373349055756e+37
7.817184548939993 6.7127975257069e+37
7.89031631785203 5.886614451202676e+37
7.964132253242513 5.1663829922865655e+37
8.038638755664545 4.520066748305463e+37
8.113842285550035 3.912007860804926e+37
8.189749363769907 3.3907822969107034e+37
8.266366572199505 2.943790265473492e+37
8.343700554289292 2.983054846250347e+37
8.421758015640933 3.048487235170374e+37
8.500545724588713 3.1169584179484494e+37
8.580070512786419 2.9196390881277202e+37
8.660339275799718 2.6106197492261846e+37
8.741358973704067 2.3362920463266775e+37
8.823136631688204 2.0520400660681747e+37
8.905679340663323 1.742417941359585e+37
8.988994257877915 1.4845396896825314e+37
9.073088607538356 1.2746716239618693e+37
9.157969681435345 1.1818952209961156e+37
9.24364483957613 1.0963632951739407e+37
9.330121510822753 1.0174895470084869e+37
9.417407193536139 9.68198531562759e+36
9.505509456226303 9.288731294939389e+36
9.594435938208646 8.911505393788247e+36
9.684194350266297 8.64098478827533e+36
9.77479247531874 8.488484931946917e+36
9.866238169096702 8.339752753351797e+36
9.958539360823252 8.217624751525725e+36
10.051704053901386 8.22805496444629e+36
10.145740326608012 8.242270924485168e+36
10.240656332794368 8.260190073543128e+36
10.336460302593062 8.486686876901233e+36
10.43316054313174 8.766814141153697e+36
10.530765439253322 9.066624707836023e+36
10.629283454243097 9.73231455834737e+36
10.728723130562583 1.0790895826449317e+37
10.829093090590197 1.2003191433524826e+37
10.930402037368909 1.415883790350461e+37
11.032658755360934 1.9913537432798428e+37
11.135872111209348 2.8306067536149733e+37
11.240051054506951 4.0533343470200865e+37
11.345204618572318 3.297188775557807e+37
11.451341921233 2.609056681716891e+37
11.558472165616172 2.0681812484275007e+37
11.666604640946655 1.8871811276865831e+37
11.77574872335233 1.8553813743935123e+37
11.885913876677147 1.8241610755081188e+37
11.997109653301795 1.7993344035487168e+37
12.109345694971895 1.7855697974651737e+37
12.222631733634074 1.7719940937205101e+37
12.33697759227986 1.762168708272794e+37
12.452393185797348 1.8192627230392615e+37
12.568888521830958 1.878629898602703e+37
12.686473701649232 1.9403435977928393e+37
12.805158921020638 1.7402931897454603e+37
12.92495447109767 1.4904679197986747e+37
13.04587073930924 1.2773782418643667e+37
13.167918210261284 1.1656275854991632e+37
13.29110746664592 1.1470549723399894e+37
13.415449190159109 1.128807716670998e+37
13.540954162426775 1.1009864646485473e+37
13.66763326593973 1.0214896646984854e+37
13.795497484997314 9.478112624137612e+36
13.924557906659775 8.79522464390333e+36
14.054825721709651 8.449780338167743e+36
14.18631222562217 8.167057126347367e+36
14.31902881954459 7.893798766729355e+36
14.45298701128482 7.613118763411923e+36
14.588198416309325 7.329461659468707e+36
14.724674758750186 7.056373564578669e+36
14.862427872421755 6.845756551795616e+36
15.001469701846803 6.794743145748618e+36
15.141812303292129 6.744472057332448e+36
15.283467845814009 6.694922472482765e+36
15.426448612313406 6.731349936681456e+36
15.570767000600933 6.773028027711965e+36
15.716435524471907 6.815632098627358e+36
15.863466814791453 7.039047801111002e+36
16.011873620589647 7.373064678775079e+36
16.161668810167 7.72521984913412e+36
16.312865372210346 8.050231333980107e+36
16.465476416918953 8.302617316997174e+36
16.619515177141384 8.564239971560206e+36
16.77499500952294 8.820930813139969e+36
16.93192939566372 8.818389789030926e+36
17.09033194328765 8.816185083907405e+36
17.250216387422473 8.814304586473532e+36
17.411596591590577 8.384538959138254e+36
17.574486549011173 7.84595073363407e+36
17.738900383813668 7.34212703052148e+36
17.904852352262296 6.956157658225543e+36
18.072356843992285 6.689887877256673e+36
18.241428383257663 6.433811025191408e+36
18.412081630190517 6.22106538313237e+36
18.584331382072243 6.199513171001815e+36
18.75819257461666 6.178228003347827e+36
18.93368028326497 6.157201434537846e+36
19.11080972449299 6.024568470830135e+36
19.289596257130643 5.876030326751018e+36
19.470055383693587 5.731175833648618e+36
19.652202751727497 5.650829701255853e+36
19.836054155164916 5.620924860105547e+36
20.021625535694618 5.591310021745579e+36
20.208932984143974 5.561398007464495e+36
20.397992741874237 5.530055329290332e+36
20.588821202188704 5.499004279617151e+36
20.78143491175423 5.468238439513133e+36
20.97585057203605 5.45057925778248e+36
21.172085040745845 5.433739361224783e+36
21.370155333303504 5.417067247016254e+36
21.570078624312604 5.405763097434911e+36
21.77187224904949 5.397369379695883e+36
21.97555370496647 5.3891017247162e+36
22.181140653209066 5.380063815835295e+36
22.388650920147303 5.369507559229042e+36
22.598102498921453 5.35907057402899e+36
22.809513551002325 5.347493823777589e+36
23.022902407765876 5.3133902676424794e+36
23.238287572082783 5.279571182517867e+36
23.45568771992291 5.246031906069802e+36
23.675121701974543 5.239250661770085e+36
23.896608545278998 5.2412993850475733e+36
24.120167454880516 5.243435252586402e+36
24.34581781549139 5.236524783384765e+36
24.573579193172876 5.2186766103930014e+36
24.803471337031823 5.200951345001843e+36
25.035514180932985 5.1812817076931174e+36
25.26972784522753 5.1503350632210214e+36
25.506132638497753 5.119620463067224e+36
25.744749059317886 5.0891345274119336e+36
25.985597798031574 5.0588739710426425e+36
26.228699738546023 5.0288356000588303e+36
26.47407596014268 4.999016308697435e+36
26.721747739305076 4.969413076272652e+36
26.971736551563797 4.940306791873e+36
27.224064073358445 4.915295444844099e+36
27.478752183917276 4.890447801779512e+36
27.735822967154444 4.865761499338901e+36
27.995298713584695 4.841234243116359e+36
28.257201922256268 4.816863805204025e+36
28.52155530270186 4.7926480218448403e+36
28.788381776907595 4.76858479117025e+36
29.057704481300657 4.744672071020992e+36
29.32954676875555 4.7155843152607165e+36
29.603932210618808 4.686608776466738e+36
29.880884598752978 4.6578359624693876e+36
30.16042794759968 4.6292635778168446e+36
30.442586496261708 4.6008893804247543e+36
30.727384710604888 4.572711179807014e+36
31.014847285379595 4.5447268353708825e+36
31.304999146361844 4.5169342547733466e+36
31.59786545251469 4.4904237799505386e+36
31.893471598169832 4.464211335224939e+36
32.191843215229376 4.4381705729287183e+36
32.49300617538845 4.4122997018268785e+36
32.79698659237864 4.386596970597244e+36
33.103810824232085 4.361060666516459e+36
33.4135054755671 4.3356891141942514e+36
33.72609739989512 4.310480674352446e+36
34.041613701948975 4.293186213964802e+36
34.36008174003325 4.2777498264651526e+36
34.68152912839659 4.26238488071691e+36
35.005983739625904 4.24709048155728e+36
35.333473707063334 4.231865760572824e+36
35.66402742724575 4.2167098751417986e+36
35.99767356236683 4.2016220075121205e+36
36.334441042762414 4.186601363912968e+36
36.67435906941919 4.172659714392999e+36
37.01745711650644 4.159152739181827e+36
37.363764933931904 4.145701567404839e+36
37.71331254992143 4.132305538659305e+36
38.066130273622534 4.1189640123415507e+36
38.422248697732584 4.105676366936232e+36
38.7816987011516 4.092441999332603e+36
39.14451145165953 4.079260324164692e+36
39.510718408618914 4.070309184188633e+36
39.88035132570281 4.0636944484731196e+36
40.25344225364794 4.057100312919764e+36
40.63002354303388 4.050526368574295e+36
41.01012784708831 4.043972220898965e+36
41.39378812451815 4.037437489246557e+36
41.78103764236744 4.0309218063529484e+36
42.171909978902114 4.0244248178489035e+36
42.566439026521266 4.021434661233443e+36
42.96465899469611 4.0212045035124263e+36
43.36660441293634 4.020982338223268e+36
43.77231013378398 4.020767873148448e+36
44.18181133583553 4.020560826754481e+36
44.59514352679243 4.0203609278012923e+36
45.01234254653963 4.0201679149658655e+36
45.43344457025342 4.019981536479725e+36
45.8584861115383 4.022819746791427e+36
46.287504025592774 4.0290141982045886e+36
46.72053551240518 4.035224638292029e+36
47.15761811997945 4.0414508660424004e+36
47.59878974759061 4.047692688400745e+36
48.04408864907111 4.0539499199780993e+36
48.49355343612797 4.0602223827723647e+36
48.94722308169052 4.0665099058993884e+36
49.40513692328983 4.0772266089161965e+36
49.86733466646985 4.0949161873121134e+36
50.33385638822992 4.112688030057133e+36
50.80474254050001 4.1305423165108006e+36
51.28003395364841 4.1484792334078096e+36
51.75977184002189 4.1664989746495285e+36
52.24399779751925 4.184601741103012e+36
52.732753813198514 4.202787740408046e+36
53.226082266917224 4.2248443363728656e+36
53.724025935007404 4.255709148526841e+36
54.2266279939848 4.286804154095808e+36
54.733932024292365 4.3181308971211126e+36
55.245982014079324 4.3496909382099243e+36
55.76282236301548 4.381485854465077e+36
56.28449788614078 4.413517239420681e+36
56.81105381775137 4.445786702985108e+36
57.34253581532206 4.480510587614798e+36
57.87898996346485 4.5234195837882323e+36
58.42046277792514 4.5667433774754285e+36
58.96700120961524 4.6104858368546736e+36
59.518652648685126 4.6546508713169285e+36
60.0754649286318 4.699242431711548e+36
60.6374863304471 4.7442645105998284e+36
61.204765586803745 4.7897211425162636e+36
61.777351886281124 4.8363594743737284e+36
62.35529487763061 4.888244444582008e+36
62.93864467408021 4.940689056787944e+36
63.527451857680035 4.993699237050122e+36
64.12176748368846 5.0472809781965125e+36
64.72164308499873 5.101440340427254e+36
65.32713067660754 5.1561834519288944e+36
65.93828276012542 5.2115165094987516e+36
66.55515232832875 5.267529810121485e+36
67.17779286975494 5.325735594752744e+36
67.80625837334064 5.38458681682763e+36
68.44060333310262 5.444090550533777e+36
69.08088275286319 5.504253950619993e+36
69.72715215101975 5.565084253202767e+36
70.37946756535835 5.626588776583371e+36
71.03788555791293 5.688774922078359e+36
71.70246321986998 5.751650174861235e+36
72.3732581765185 5.809598622694097e+36
73.05032859224686 5.867932952508882e+36
73.73373317558642 5.926854572854136e+36
74.42353118430177 5.986369339524096e+36
75.11978243052901 6.046483168774867e+36
75.82254728596244 6.107202037871702e+36
76.53188668708881 6.168531985644913e+36
77.24786214047133 6.230479113052902e+36
77.97053572808315 6.281928623965351e+36
78.69997011269 6.332295523615381e+36
79.43622854328386 6.383067307750566e+36
80.17937486056753 6.434247192505744e+36
80.92947350248971 6.485838420970954e+36
81.68658950983269 6.537844263365986e+36
82.45078853185218 6.590268017216915e+36
83.22213683196935 6.643113007535548e+36
84.00070129351663 6.683163569748263e+36
84.78654942553749 6.720063802239891e+36
85.57974936863958 6.757168472878837e+36
86.38036990090343 6.794478688772289e+36
87.18848044384644 6.831995563953972e+36
88.00415106844184 6.869720219392316e+36
88.82745250119484 6.907653783000851e+36
89.65845613027555 6.945797389648734e+36
90.49723401170843 6.971179174922572e+36
91.34385887562057 6.991388895206076e+36
92.19840413254838 7.011657659979532e+36
93.06094387980238 7.031985625075025e+36
93.93155290789245 7.052372947341112e+36
94.81030670701321 7.072819784625123e+36
95.69728147358916 7.093326295756176e+36
96.59255411688184 7.113892640528876e+36
97.4962022656591 7.119735808640114e+36
98.40830427492541 7.116798960648263e+36
99.32893923271655 7.113863607980699e+36
100.25818696695747 7.110929739524397e+36
101.19612805238332 7.10799734455427e+36
102.14284381752705 7.105066412719912e+36
103.09841635177095 7.102136934030975e+36
104.062928512464 7.099208898844945e+36
105.0364639321075 7.085617622419336e+36
106.01910702560633 7.063082049627433e+36
107.01094299758783 7.040618330180423e+36
108.01205784979119 7.018226228409648e+36
109.02253838852388 6.995905509658808e+36
110.0424722321881 6.973655940271219e+36
111.07194781887928 6.951477287577493e+36
112.111054414054 6.929369319883009e+36
113.15988211826942 6.901280993034702e+36
114.21852187499722 6.866170067900277e+36
115.28706547850865 6.831237891532913e+36
116.3656055818332 6.79648354959239e+36
117.45423570479394 6.76190613257348e+36
118.55305024211597 6.727504735775518e+36
119.66214447161049 6.69327845927058e+36
120.78161456243787 6.659226407873844e+36
121.91155758344563 6.621083946790712e+36
123.05207151158457 6.576035675055933e+36
124.20325524040577 6.531293979680137e+36
125.36520858863487 6.486856771378411e+36
126.53803230882657 6.44272197520967e+36
127.72182809610236 6.398887530473496e+36
128.91669859696768 6.35535139060955e+36
130.12274741821167 6.312111523096141e+36
131.3400791358923 6.262201723142931e+36
132.56879930440343 6.195644412687787e+36
133.80901446562666 6.129794545650108e+36
135.060832158171 6.064644600930763e+36
136.3243609266967 6.000187137449173e+36
137.5997103313265 5.936414793290609e+36
138.88699095714693 5.873320284861063e+36
140.1863144237965 5.810896406052793e+36
141.49779339514313 5.740002566553985e+36
142.82154158905513 5.63476226754554e+36
144.15767378726065 5.531451517136955e+36
145.5063058452995 5.430034937051746e+36
146.8675547025706 5.330477797695928e+36
148.24153839247117 5.2327460062632244e+36
149.6283760526301 5.1368060950584245e+36
151.0281879352404 5.0426252100349583e+36
152.44109541748517 4.948639984317102e+36
153.86722101206135 4.8452547774833994e+36
155.3066883778045 4.744029466135221e+36
156.75962233041042 4.6449189260000556e+36
158.22614885325677 4.5478789755481115e+36
159.70639510832908 4.452866356295964e+36
161.20048944724581 4.359838713521728e+36
162.70856142238696 4.268754577383153e+36
164.23074179812912 4.179297670498425e+36
165.76716256218336 4.0840231960208787e+36
167.31795693703853 3.990920676634695e+36
168.88325939151522 3.8999405984826335e+36
170.4632056524243 3.8110345764770654e+36
172.0579327163348 3.72415532856711e+36
173.66757886145484 3.6392566505924235e+36
175.29228365962072 3.5562933917102594e+36
176.93218798839806 3.475221430382733e+36
178.5874340432993 3.3906143886907803e+36
180.2581653501125 3.3077859427899337e+36
181.94452677734517 3.2269808945085234e+36
183.64666454878798 3.148149814613765e+36
185.36472625619285 3.0712444813749087e+36
187.09886087206914 2.996217851065294e+36
188.84921876260356 2.923024029184524e+36
190.61595170069705 2.851618242384391e+36
192.39921287912387 2.776589898458699e+36
194.19915692381718 2.7027163672328466e+36
196.0159399072755 2.630808305434487e+36
197.8497193620944 2.5608134199914168e+36
199.70065429462858 2.4926808091372902e+36
201.56890519877797 2.4263609253944426e+36
203.454634069903 2.3618055395419605e+36
205.35800441887346 2.298967705542008e+36
207.27918128624538 2.233841569729471e+36
209.21833125657025 2.1694738206906246e+36
211.17562247284218 2.106960817573815e+36
213.15122465107603 2.0462491161622013e+36
215.14530909502244 1.987286812226636e+36
217.15804871102378 1.930023497151104e+36
219.18961802300578 1.8744102148368065e+36
221.24019318760887 1.8203994198480532e+36
223.3099520094655 1.7654566017249584e+36
225.39907395661606 1.711113497533503e+36
227.50774017606932 1.6584431466886218e+36
229.636133509512 1.607394059598005e+36
231.784438509162 1.5579163315883512e+36
233.9528414537689 1.509961594119516e+36
236.14153036476958 1.463482967500199e+36
238.3506950225895 1.418435015059255e+36
240.58052698309734 1.373416411843204e+36
242.83121959421763 1.3289875904496822e+36
245.10296801269442 1.2859960027284748e+36
247.3959692210116 1.2443951554184046e+36
249.7104220444764 1.2041400592750562e+36
252.0465271684578 1.1651871804170725e+36
254.40448715578643 1.1274943932465322e+36
256.7845064643218 1.0910209348921347e+36
259.18679146467906 1.054546139950157e+36
261.6115504581221 1.0182605949549951e+36
264.0589936946281 9.832235878350221e+35
266.5293333911167 9.493921580434766e+35
269.02278374984985 9.167248232495554e+35
271.53956097700814 8.851815284749438e+35
274.07988330143667 8.54723596980478e+35
276.64397099356563 8.253136828428152e+35
279.23204638451335 7.963238367408855e+35
281.844333885363 7.676278898086713e+35
284.4810600066192 7.399660163689938e+35
287.14245337785223 7.1330095304138e+35
289.82874476752085 6.875967792507762e+35
292.54016710298015 6.628188688389312e+35
295.27695549068216 6.389338434193184e+35
298.03934723656033 6.159095274131041e+35
300.8275818666041 5.9346594707995775e+35
303.64190114763187 5.714064169773668e+35
306.4825491082528 5.501668545094198e+35
309.34977206002446 5.297167809252432e+35
312.2438186188142 5.100268503897229e+35
315.16493972635453 4.910688078722354e+35
318.1133886720006 4.728154486007584e+35
321.0894211146963 4.55240579023023e+35
324.0932951051405 4.3811970386978585e+35
327.12527110816103 4.211276683239188e+35
330.18561202530265 4.047946519303301e+35
333.2745832176218 3.890950952881193e+35
336.39245252869364 3.740044302922959e+35
339.53949030784094 3.594990416873417e+35
342.71596943357366 3.45556230111876e+35
345.9221653372482 3.3215417657665408e+35
349.1583560269543 3.191824425865315e+35
352.4248221116186 3.0634240064510072e+35
355.72184682533424 2.940188867475952e+35
359.04971605192424 2.8219112205000692e+35
362.4087183497281 2.708391635978328e+35
365.79914497662054 2.5994387069999662e+35
369.22128991527075 2.494868726554357e+35
372.67544989863126 2.394505377780436e+35
376.16192443566524 2.298002996617828e+35
379.68101583732147 2.2038946520465585e+35
383.2330292427454 2.1136402541260195e+35
386.8182726457349 2.0270819751364216e+35
390.43705692145164 1.9440684507557243e+35
394.089695853374 1.864454515369018e+35
397.7765061605031 1.7881009482177302e+35
401.4978075248301 1.7148742299443157e+35
405.25392261905307 1.6446114108907364e+35
409.04517713455385 1.5752824774948905e+35
412.8718998096431 1.5088761198202222e+35
416.73442245806285 1.4452691360662026e+35
420.6330799977554 1.3843435180306867e+35
424.56821047990877 1.325986232172625e+35
428.540155118267 1.270089009904231e+35
432.5492583187135 1.2165481467232142e+35
436.5958677091397 1.1652643098128516e+35
440.68033416958554 1.1148799216255088e+35
444.80301186266087 1.0665863313382663e+35
448.9642582642604 1.0203846893249263e+35
453.164434194558 9.761843780112646e+34
457.4039038492897 9.338987051331406e+34
461.6830348313392 8.934447337023714e+34
466.0021981826097 8.54743119338408e+34
470.3617684161935 8.177179546462036e+34
474.76212354885223 7.818254886167764e+34
479.2036451337912 7.474274036227518e+34
483.6867182937412 7.14542736182223e+34
488.2117317543578 6.831049002349523e+34
492.7790778779251 6.530502393178741e+34
497.38915269737396 6.243178976712623e+34
502.04235595062823 5.968496970155924e+34
506.7390911152625 5.705900187501369e+34
511.4797654434847 5.451583034142536e+34
516.2647899974548 5.207628252752064e+34
521.0945796849251 4.974590290471071e+34
525.9695532952127 4.751980626615775e+34
530.8901335355201 4.539332601493598e+34
535.8567470675841 4.336200438137492e+34
540.8698245446682 4.142158307817392e+34
545.929800648911 3.956799437368806e+34
551.0371141290144 3.777295941252873e+34
556.1922078382836 3.6048302378927967e+34
561.3955287730336 3.4402390632836153e+34
566.6475281113445 3.283162878032988e+34
571.94866125218 3.133258558790758e+34
577.2993878548816 2.9901986487156786e+34
582.7001718790219 2.853670642166075e+34
588.1514816246306 2.7233763020496944e+34
593.6537897728085 2.5981100005543953e+34
599.2075734267091 2.478003130047127e+34
604.813314152905 2.363448628060373e+34
610.4714980231514 2.254189816499477e+34
616.1826156565294 2.1499818831347727e+34
621.9471622619842 2.0505913330594737e+34
627.7656376812713 1.9557954655055475e+34
633.6385464322943 1.865381874846134e+34
639.5663977528477 1.7786797032825713e+34
645.5497056447799 1.6955759662523097e+34
651.5889889185587 1.616355015566118e+34
657.6847712382532 1.5408354390034408e+34
663.8375811669483 1.4688443003187145e+34
670.0479522125721 1.4002167432252774e+34
676.3164228741526 1.334795613881997e+34
682.6435366885186 1.2724311010181668e+34
689.029842277425 1.2125924821779962e+34
695.4758933951206 1.1550653192072354e+34
701.9822489763712 1.1002673301164246e+34
708.5494731849211 1.0480690388137083e+34
715.1781354624068 9.983471117481604e+33
721.868810577742 9.509840664982836e+33
728.6220786769512 9.058679941855067e+33
735.4385253334694 8.628922950570357e+33
742.3187415989262 8.218074491939208e+33
749.2633240543905 7.824040367598651e+33
756.2728748620964 7.448899106806837e+33
763.3480018176642 7.09174484788368e+33
770.489318402799 6.751715162776914e+33
777.6974438384796 6.427988974535305e+33
784.9730031386609 6.119784574635253e+33
792.3166271644642 5.826357735369557e+33
799.7289526788734 5.546642600430514e+33
807.2106224019586 5.279358621628293e+33
814.7622850666013 5.0249546436570783e+33
822.3845954747405 4.7828099989950187e+33
830.0782145541609 4.552333929146309e+33
837.843809415796 4.332964143370904e+33
845.6820534115684 4.124165446865667e+33
853.593626192786 3.9254284350525744e+33
861.5792137690694 3.7359009756209545e+33
869.6395085678297 3.5538116955804265e+33
877.77520949432 3.380597523809559e+33
885.9870219922312 3.2158258835966784e+33
894.275658104856 3.059085282218085e+33
902.6418365368402 2.9099842832941104e+33
911.0862827164958 2.768150529233808e+33
919.6097288586982 2.63322981132565e+33
928.2129140283859 2.5047465916315073e+33
936.896584204638 2.3811099756287834e+33
945.6614923453615 2.2635761820502087e+33
954.508398452572 2.1518439695457952e+33
963.4380696383053 2.0456269663421397e+33
972.4512801911268 1.944652936265172e+33
981.5488116432648 1.8486630809924163e+33
990.7314528383879 1.7574113767468565e+33
1000.0 1.6706639437323987e+33
